0 0 0
-0.00739745 -0.000370011 0.999973
-0.0117949 0.00292721 1.56235
-0.0297182 -0.0030516 2.12404
-0.0725211 -0.0287837 2.68422
-0.0725708 -0.0319673 3.24921
-0.0767669 -0.04519 3.82357
-0.122687 -0.0730516 4.40072
-0.123222 -0.0900562 4.98789
-0.138194 -0.110502 5.58221
-0.129239 -0.129926 6.18335
-0.208922 -0.155234 6.79084
-0.209843 -0.164918 7.41701
-0.258644 -0.173074 8.06367
-0.237924 -0.188863 8.7282
-0.224482 -0.203285 9.40476
-0.290182 -0.218351 10.0856
-0.313516 -0.209328 10.7775
-0.304093 -0.217104 11.4883
-0.33212 -0.224604 12.222
-0.357368 -0.242749 12.9818
-0.398389 -0.253765 13.7573
-0.429426 -0.266944 14.5456
-0.45835 -0.277705 15.3487
-0.40656 -0.314585 16.1677
-0.450792 -0.326552 16.9994
-0.490004 -0.345331 17.8447
-0.52975 -0.355686 18.7038
-0.551576 -0.379622 19.585
-0.584347 -0.391975 20.4856
-0.602157 -0.425876 21.4052
-0.638717 -0.456737 22.3387
-0.671346 -0.476124 23.2914
-0.73643 -0.49623 24.261
-0.790439 -0.51607 25.2357
-0.834578 -0.552772 26.2172
-0.98728 -0.574205 27.1931
-1.01589 -0.615237 28.1935
-1.02601 -0.64196 29.201
-1.09986 -0.68055 30.2125
-1.11197 -0.702312 31.2337
-1.15419 -0.728907 32.2616
-1.14728 -0.733989 33.2982
-1.19687 -0.764892 34.3442
-1.23676 -0.796089 35.3986
-1.29528 -0.827242 36.46
-1.33583 -0.846241 37.5224
-1.41597 -0.871149 38.5911
-1.51109 -0.891612 39.6624
-1.57167 -0.921089 40.7374
-1.59859 -0.955189 41.8146
-1.67809 -0.983942 42.8875
-1.68469 -1.02567 43.9615
-1.70416 -1.05454 45.0266
-1.73617 -1.08945 46.0883
-1.79093 -1.12653 47.1596
-1.80674 -1.15078 48.2384
-1.86659 -1.1776 49.3136
-1.91866 -1.1936 50.3888
-1.95389 -1.21368 51.4673
-2.00907 -1.23238 52.5366
-2.01771 -1.24162 53.6103
-2.09005 -1.26871 54.682
-2.14969 -1.31997 55.7461
-2.21315 -1.34874 56.816
-2.22284 -1.37803 57.8872
-2.25234 -1.40291 58.9734
-2.27853 -1.43621 60.0585
-2.2943 -1.45437 61.1415
-2.30128 -1.4659 62.2207
-2.32983 -1.49497 63.298
-2.35561 -1.51881 64.3768
-2.38221 -1.53566 65.4582
-2.39185 -1.55726 66.543
-2.42111 -1.58613 67.6347
-2.41337 -1.61982 68.7232
-2.43727 -1.65498 69.808
-2.468 -1.69879 70.8946
-2.49814 -1.74689 71.9772
-2.53614 -1.77877 73.0603
-2.50952 -1.80135 74.1398
-2.54925 -1.83384 75.2133
-2.57162 -1.86892 76.2821
-2.60458 -1.90473 77.3502
-2.63893 -1.9368 78.415
-2.66232 -1.9808 79.4853
-2.67194 -2.0111 80.5513
-2.69237 -2.022 81.6126
-2.75488 -2.03412 82.6661
-2.79466 -2.06413 83.7127
-2.82349 -2.08004 84.7518
-2.86266 -2.10038 85.7765
-2.8913 -2.12516 86.7873
-2.94283 -2.1554 87.7799
-2.96715 -2.18485 88.752
-2.99574 -2.20627 89.7051
-3.06486 -2.22129 90.6339
-3.0913 -2.24658 91.5397
-3.11652 -2.27197 92.4248
-3.1438 -2.30547 93.2863
-3.19144 -2.32817 94.1248
-3.22014 -2.34804 94.9393
-3.27384 -2.37 95.7243
-3.34227 -2.39077 96.4822
-3.39038 -2.41168 97.2089
-3.42387 -2.42458 97.9074
-3.4955 -2.46134 98.5691
-3.57944 -2.48251 99.2019
-3.62651 -2.50449 99.8071
-3.65838 -2.52877 100.391
-3.70863 -2.55436 100.953
-3.7271 -2.57197 101.492
-3.74766 -2.59296 102.009
-3.76434 -2.60471 102.504
-3.77725 -2.61557 102.978
-3.78546 -2.63572 103.428
-3.72954 -2.63298 103.857
-3.70934 -2.64945 104.278
-3.67615 -2.66612 104.689
-3.63353 -2.6781 105.089
-3.55226 -2.6847 105.482
-3.51139 -2.68497 105.868
-3.43254 -2.6934 106.249
-3.28832 -2.70941 106.596
-3.05485 -2.73893 106.895
-2.91941 -2.74512 107.234
-2.75397 -2.78145 107.562
-2.60787 -2.79133 107.896
-2.42105 -2.81174 108.196
-2.22609 -2.82536 108.5
-2.05477 -2.83994 108.799
-1.81983 -2.84335 109.061
-1.60927 -2.85543 109.328
-1.39817 -2.87919 109.608
-1.16343 -2.91296 109.859
-0.903707 -2.90903 110.109
-0.615506 -2.89654 110.328
-0.306133 -2.9393 110.502
0.0091356 -2.93763 110.706
0.316891 -2.91961 110.909
0.6513 -2.89832 111.09
1.00031 -2.91029 111.241
0.980242 -2.78805 111.61
1.3654 -2.8023 111.682
1.74743 -2.81473 111.774
2.15437 -2.84782 111.806
2.57092 -2.85762 111.856
3.0049 -2.84732 111.893
3.44903 -2.85348 111.923
3.91357 -2.87748 111.95
4.39722 -2.89093 111.98
4.89647 -2.92118 111.987
5.41548 -2.9578 111.969
5.94921 -2.99388 111.938
6.50312 -2.99846 111.919
7.07542 -3.01544 111.893
7.66592 -3.03533 111.85
8.28388 -3.0484 111.828
8.9238 -3.06895 111.763
9.5807 -3.0703 111.738
10.2565 -3.08491 111.706
10.9444 -3.09543 111.671
11.6546 -3.09117 111.657
12.3778 -3.09664 111.649
13.1137 -3.11692 111.584
13.8695 -3.1367 111.56
14.6347 -3.1584 111.534
15.4118 -3.17788 111.517
16.1897 -3.20436 111.458
16.9764 -3.21429 111.442
17.7733 -3.24366 111.401
18.579 -3.26152 111.365
19.3941 -3.28833 111.317
20.2096 -3.32184 111.262
21.0307 -3.35228 111.228
21.8614 -3.36998 111.2
22.7 -3.39244 111.2
23.5418 -3.40784 111.195
24.3838 -3.45237 111.15
25.2279 -3.49291 111.126
26.0633 -3.54099 111.07
26.893 -3.58253 111.031
27.7122 -3.62197 110.981
28.5337 -3.65479 110.934
29.3646 -3.67442 110.89
30.1956 -3.69563 110.855
31.0167 -3.72092 110.82
31.8286 -3.74649 110.777
32.6406 -3.77069 110.75
33.4463 -3.78799 110.718
34.251 -3.79346 110.705
35.0503 -3.82616 110.675
35.8463 -3.85044 110.649
36.6395 -3.87691 110.601
37.4294 -3.90619 110.57
38.2118 -3.93489 110.532
38.9917 -3.96297 110.486
39.7598 -4.00761 110.42
40.5317 -4.03761 110.372
41.2982 -4.06591 110.32
42.0567 -4.09307 110.26
42.8055 -4.12294 110.219
43.5375 -4.16662 110.182
44.2507 -4.19951 110.134
44.9543 -4.23238 110.086
45.6538 -4.26942 110.047
46.3493 -4.29676 109.991
47.0424 -4.32762 109.941
47.7362 -4.35782 109.901
48.4216 -4.38485 109.831
49.1055 -4.41853 109.785
49.7878 -4.46167 109.744
50.462 -4.49614 109.704
51.1308 -4.5289 109.627
51.7992 -4.56419 109.59
52.463 -4.60555 109.543
53.1213 -4.63996 109.488
53.7806 -4.67245 109.419
54.4496 -4.68943 109.363
55.1215 -4.70249 109.306
55.7955 -4.73527 109.224
56.4705 -4.77356 109.126
57.1594 -4.80366 109.075
57.8535 -4.82573 108.982
58.5597 -4.85691 108.883
59.2805 -4.89778 108.792
60.0021 -4.93171 108.691
60.7289 -4.96709 108.604
61.4599 -4.99751 108.507
62.1971 -5.04059 108.398
62.939 -5.06644 108.296
63.6858 -5.10093 108.205
64.4343 -5.12037 108.096
65.1784 -5.14834 107.988
65.9287 -5.17947 107.87
66.6663 -5.20609 107.748
67.4088 -5.22908 107.652
68.1462 -5.25102 107.54
68.8915 -5.28256 107.434
69.6393 -5.30598 107.326
70.3927 -5.32756 107.221
71.1439 -5.35308 107.108
71.8999 -5.3811 106.993
72.6611 -5.40992 106.877
73.4315 -5.43074 106.774
74.2023 -5.47232 106.654
74.9753 -5.50607 106.511
75.7586 -5.55411 106.409
76.5395 -5.61256 106.257
77.3318 -5.63596 106.138
78.1213 -5.6739 105.989
78.9223 -5.71095 105.874
79.7263 -5.74701 105.745
80.545 -5.78179 105.643
81.3637 -5.80489 105.497
82.1913 -5.82912 105.364
83.0194 -5.85082 105.216
83.854 -5.8793 105.081
84.7007 -5.90585 104.958
85.5471 -5.93599 104.833
86.3938 -5.96514 104.708
87.2391 -6.00343 104.594
88.0862 -6.03454 104.486
88.9322 -6.04835 104.346
89.7897 -6.07427 104.217
90.6551 -6.11543 104.12
91.521 -6.1514 104.022
92.3775 -6.18413 103.897
93.2394 -6.21424 103.782
94.0995 -6.23901 103.654
94.9598 -6.2671 103.538
95.8096 -6.2918 103.403
96.6635 -6.32375 103.294
97.5164 -6.34166 103.197
98.3671 -6.37555 103.086
99.2098 -6.41899 102.947
100.045 -6.45876 102.814
100.876 -6.48601 102.695
101.699 -6.53387 102.559
102.521 -6.56892 102.418
103.341 -6.59872 102.28
104.151 -6.61415 102.133
104.96 -6.64293 102.012
105.766 -6.67534 101.9
106.567 -6.69883 101.775
107.364 -6.72661 101.665
108.151 -6.75551 101.546
108.936 -6.78809 101.439
109.713 -6.79636 101.316
110.487 -6.8404 101.194
111.255 -6.88012 101.056
112.022 -6.93184 100.929
112.783 -6.96907 100.81
113.539 -7.00659 100.692
114.29 -7.02094 100.54
115.051 -7.04165 100.414
115.813 -7.06299 100.275
116.568 -7.10015 100.147
117.314 -7.13296 100.022
118.056 -7.16103 99.8821
118.795 -7.17571 99.7468
119.531 -7.21622 99.61
120.267 -7.24164 99.4957
120.996 -7.24502 99.3444
121.731 -7.26174 99.2167
122.463 -7.26043 99.0676
123.185 -7.29052 98.9073
123.905 -7.31953 98.7442
124.626 -7.34497 98.63
125.33 -7.38504 98.4443
126.043 -7.39279 98.3041
126.755 -7.37077 98.1587
127.45 -7.35606 97.954
128.142 -7.37707 97.7403
128.834 -7.39798 97.539
129.518 -7.40645 97.3047
130.206 -7.40653 97.0943
130.893 -7.42304 96.8959
131.571 -7.45461 96.6687
132.245 -7.45107 96.4337
132.921 -7.45051 96.2189
133.588 -7.4633 95.9941
134.246 -7.46662 95.7752
134.903 -7.46227 95.5634
135.557 -7.45267 95.3499
136.22 -7.446 95.1644
136.868 -7.44117 94.9461
137.502 -7.4263 94.7254
138.135 -7.42328 94.5237
138.766 -7.42738 94.3292
139.396 -7.42059 94.1392
140.016 -7.40829 93.9303
140.642 -7.41106 93.7636
141.267 -7.39367 93.6207
141.884 -7.38985 93.46
142.494 -7.38408 93.2852
143.099 -7.37363 93.105
143.697 -7.37014 92.9392
144.288 -7.3676 92.783
144.876 -7.35936 92.6394
145.462 -7.3582 92.4986
146.03 -7.34498 92.3249
146.619 -7.32218 92.2368
147.199 -7.30836 92.131
147.779 -7.30752 92.0288
148.354 -7.29544 91.9337
148.925 -7.28262 91.8402
149.496 -7.27038 91.7565
150.067 -7.26252 91.7077
150.636 -7.25963 91.663
151.203 -7.25799 91.6305
151.764 -7.26347 91.634
152.325 -7.27262 91.6264
152.884 -7.27489 91.6176
153.443 -7.29944 91.5918
154.001 -7.30801 91.5953
154.559 -7.3216 91.5941
155.108 -7.3341 91.5716
155.653 -7.35541 91.5288
156.195 -7.37043 91.4785
156.731 -7.39857 91.432
157.262 -7.41257 91.3767
157.785 -7.43874 91.3049
158.307 -7.4694 91.2354
158.817 -7.49789 91.1329
159.33 -7.50958 91.0356
159.836 -7.53119 90.9362
160.327 -7.55353 90.8181
160.82 -7.57226 90.7087
161.299 -7.58465 90.5677
161.776 -7.60277 90.4331
162.242 -7.62948 90.2769
162.716 -7.64397 90.1596
163.196 -7.648 90.0695
163.669 -7.66358 89.9559
164.141 -7.67789 89.8494
164.605 -7.69181 89.7333
165.067 -7.70872 89.6159
165.534 -7.71604 89.5097
166.008 -7.72275 89.3938
166.49 -7.73509 89.269
166.976 -7.75356 89.1232
167.47 -7.76514 88.9783
167.978 -7.77262 88.8518
168.485 -7.78518 88.6911
168.999 -7.79255 88.5287
169.529 -7.798 88.3874
170.062 -7.79591 88.2306
170.603 -7.79657 88.0886
171.142 -7.79876 87.9155
171.691 -7.81261 87.7604
172.24 -7.81844 87.5833
172.79 -7.83711 87.4149
173.335 -7.84236 87.2242
173.889 -7.85355 87.072
174.423 -7.85867 86.8665
174.965 -7.86626 86.694
175.493 -7.87676 86.4802
176.022 -7.88996 86.2825
176.557 -7.90235 86.1052
177.086 -7.91386 85.9231
177.619 -7.91782 85.7929
178.131 -7.91641 85.6201
178.652 -7.91494 85.5268
179.139 -7.90465 85.3536
179.626 -7.90303 85.2259
180.103 -7.90466 85.1093
180.564 -7.90775 84.9838
181.007 -7.91463 84.8668
181.428 -7.92216 84.7467
181.84 -7.92978 84.6453
182.245 -7.93476 84.5584
182.645 -7.94623 84.4833
183.043 -7.9528 84.4177
183.435 -7.95493 84.3688
183.83 -7.95721 84.3177
184.223 -7.95825 84.2786
184.613 -7.9482 84.2621
185.003 -7.96135 84.2698
185.378 -7.97853 84.305
185.761 -7.99497 84.3292
186.143 -7.99964 84.3459
186.509 -8.00479 84.3814
186.883 -8.02928 84.4296
187.239 -8.03256 84.4994
187.601 -8.03483 84.6012
187.972 -8.02888 84.6945
188.332 -8.0406 84.7933
188.707 -8.05044 84.9355
189.058 -8.06258 85.1004
189.426 -8.09321 85.2941
189.782 -8.1088 85.4781
190.149 -8.14301 85.7102
190.532 -8.16835 85.9443
190.875 -8.21102 86.2089
191.217 -8.21665 86.5463
191.579 -8.24408 86.8477
191.943 -8.25536 87.206
192.343 -8.30708 87.5394
192.718 -8.33939 87.8968
193.107 -8.35996 88.2961
193.447 -8.38368 88.7387
193.796 -8.41982 89.2185
194.143 -8.43708 89.7157
194.481 -8.45864 90.2374
194.794 -8.47222 90.8066
195.096 -8.49968 91.391
195.42 -8.53075 91.9916
195.736 -8.56078 92.6085
196.063 -8.58838 93.2403
196.393 -8.6032 93.8897
196.731 -8.62691 94.5559
197.066 -8.64102 95.2403
197.359 -8.65342 95.9567
197.627 -8.68009 96.7018
197.878 -8.70444 97.4683
198.167 -8.73168 98.2325
198.485 -8.75867 98.9934
198.798 -8.78396 99.7737
199.121 -8.79995 100.564
199.43 -8.83506 101.375
199.741 -8.85404 102.196
200.066 -8.87297 103.029
200.374 -8.89707 103.876
200.717 -8.91402 104.72
201.081 -8.94064 105.556
201.315 -8.93517 106.438
201.655 -8.95661 107.283
201.952 -8.97871 108.147
202.329 -8.93178 108.982
202.687 -8.97505 109.826
203.002 -9.00587 110.684
203.337 -9.01936 111.537
203.709 -9.02717 112.377
204.037 -9.06494 113.291
204.35 -9.08489 114.1
204.643 -9.12847 114.97
204.943 -9.17142 115.839
205.241 -9.17867 116.712
205.569 -9.20273 117.571
205.893 -9.242 118.429
206.186 -9.28557 119.297
206.505 -9.32651 120.156
206.906 -9.34451 120.98
207.251 -9.35819 121.824
207.548 -9.37546 122.68
207.845 -9.4026 123.532
208.168 -9.43026 124.362
208.486 -9.45329 125.189
208.814 -9.44469 126.003
209.112 -9.46362 126.817
209.395 -9.48012 127.623
209.641 -9.50348 128.419
209.92 -9.52164 129.201
210.186 -9.538 129.943
210.41 -9.55772 130.697
210.67 -9.57747 131.419
210.907 -9.60287 132.131
211.143 -9.61967 132.822
211.375 -9.64125 133.488
211.586 -9.6703 134.135
211.796 -9.69292 134.754
212.011 -9.7025 135.343
212.196 -9.72131 135.915
212.387 -9.73987 136.46
212.553 -9.76005 136.987
212.712 -9.77793 137.494
212.856 -9.79538 137.986
212.998 -9.81045 138.463
213.136 -9.82527 138.928
213.289 -9.84073 139.384
213.428 -9.85677 139.828
213.567 -9.86664 140.276
213.691 -9.88794 140.723
213.796 -9.90107 141.167
213.902 -9.92394 141.604
213.987 -9.92547 142.031
214.054 -9.94248 142.466
214.114 -9.96319 142.899
214.136 -9.97749 143.321
214.16 -9.99043 143.75
214.158 -10.0155 144.163
214.119 -10.0182 144.582
214.052 -10.0293 144.994
214.007 -10.0379 145.393
213.925 -10.0413 145.799
213.767 -10.0459 146.166
213.641 -10.0524 146.552
213.518 -10.0552 146.935
213.338 -10.0345 147.284
213.147 -10.037 147.628
212.961 -10.039 147.967
212.78 -10.0418 148.307
212.534 -10.047 148.598
212.298 -10.033 148.901
212.059 -10.0378 149.192
211.774 -10.0196 149.452
211.504 -10.0387 149.706
211.227 -10.0312 149.95
210.914 -10.0221 150.17
210.603 -10.0033 150.352
210.256 -9.99105 150.508
209.925 -9.97761 150.653
209.569 -9.96865 150.802
209.219 -9.95931 150.921
209.231 -9.9596 151.296
208.842 -9.95262 151.34
208.462 -9.93237 151.377
208.064 -9.90826 151.401
207.661 -9.89323 151.426
207.241 -9.88487 151.428
206.814 -9.87933 151.429
206.37 -9.87044 151.411
205.918 -9.85383 151.379
205.451 -9.83194 151.381
204.968 -9.82176 151.364
204.464 -9.81571 151.356
203.935 -9.80261 151.333
203.388 -9.78966 151.277
202.825 -9.7801 151.206
202.243 -9.77069 151.142
201.65 -9.74468 151.038
201.034 -9.74431 150.959
200.398 -9.73713 150.874
199.747 -9.71216 150.795
199.072 -9.69085 150.725
198.385 -9.66352 150.619
197.683 -9.62006 150.506
196.956 -9.5767 150.434
196.21 -9.53022 150.389
195.446 -9.47889 150.341
194.663 -9.42859 150.299
